900001 0.42 0.67
900006 0.45 0.65
900007 0.45 0.69
900009 0.40 0.74
900011 x x 날짜 인쇄가 사진에서 보이지 않음
900012 0.35 0.51
900013 0.72 0.55
900015 0.66 0.51
900016 0.83 0.93
900017 0.45 0.78
900018 0.47 0.86
900019 0.53 0.69
900021 0.40 0.68
900023 0.68 0.73
900025 0.48 0.63
900027 0.48 0.71
900029 0.53 0.65
900030 0.66 0.43
900038 0.61 0.51
900039 0.47 0.53
900041 0.35 0.60
900042 0.37 0.36
900045 0.34 0.29
900050 0.40 0.49
900052 0.55 0.70
900053 0.46 0.69
900056 0.61 0.86
900062 0.58 0.79
900063 0.50 0.62
900064 0.80 0.49
900065 0.42 0.75
900067 0.63 0.68
900068 0.58 0.60
900069 0.58 0.47
900070 0.62 0.68
900071 0.52 0.60
900072 0.77 0.73
900075 0.60 0.68
900076 0.55 0.76
900077 0.58 0.65
900080 0.35 0.62
900081 0.54 0.66
900082 0.63 0.62
900086 0.63 0.46
900091 0.48 0.73
900092 0.37 0.68
900093 0.60 0.68
900095 0.61 0.19
900096 0.45 0.72
900098 0.58 0.56
900099 0.75 0.33
900100 0.50 0.58
900101 0.43 0.44
900103 0.64 0.86
900104 0.36 0.72
900105 0.34 0.50
900106 0.57 0.80
900107 0.58 0.63
900108 0.50 0.68
900109 0.47 0.54
900111 0.62 0.72
900112 0.58 0.75
900114 0.40 0.54
900116 0.47 0.73
900119 0.65 0.83
900122 0.70 0.65
900124 0.43 0.53
900125 0.43 0.73
900127 0.36 0.51
900128 0.66 0.54
900132 0.25 0.63
900135 0.62 0.78
900137 0.54 0.78
900139 0.62 0.70
900140 0.58 0.63
900143 0.53 0.69
900145 0.47 0.51
900146 0.45 0.44
900152 0.62 0.51
900153 0.52 0.35
900154 0.37 0.51
900158 0.50 0.52
900159 0.50 0.66
900160 0.47 0.38
900164 0.47 0.43
900165 0.50 0.33
900166 0.40 0.52
900168 0.50 0.42
900171 0.47 0.57
900176 0.45 0.52
900179 0.47 0.68
900186 0.35 0.40
900187 0.47 0.39
900188 0.33 0.42
900189 0.25 0.56
900190 0.40 0.57
900194 0.50 0.48
900197 0.43 0.34
900200 0.50 0.53
900201 0.35 0.52
900206 x x 양각이 사진에서 거의 보이지 않음
900207 0.38 0.46
900209 0.60 0.23
900211 0.52 0.53
900216 0.45 0.40
900217 0.47 0.51
900218 0.50 0.53
900224 0.47 0.53
900225 0.65 0.52
900227 0.65 0.13
900228 0.75 0.22
900230 0.65 0.71
900231 0.55 0.44
900234 0.60 0.56
900235 0.37 0.53
900237 0.70 0.28
900244 0.47 0.37
900246 0.67 0.63
900247 0.43 0.53
900249 0.37 0.46
900252 0.40 0.67
900256 0.52 0.39
900257 0.39 0.57
900259 0.35 0.63
900261 0.57 0.70
900262 0.27 0.33
900263 0.42 0.63
900264 0.52 0.69
900266 0.52 0.30
900268 0.50 0.25
900273 0.42 0.72
900275 0.52 0.52
900278 0.50 0.32
900279 0.52 0.56
900280 0.55 0.63
900282 0.66 0.53
900283 0.57 0.70
900285 0.42 0.71
900286 0.55 0.33
900289 0.40 0.65
900290 0.60 0.65
900293 0.52 0.77
900294 0.52 0.68
